1000000001 01 CITYCONNECT  0001460000
1000000002 02 CITYCONNECT  0001359000
1000000003 01 MAXRETURN    0000466000
1000000004 03 GENUINE      0000005000
1000000005 01 CITYCONNECT  0000001000
1000000006 01 HIGHSPEED    0000002000
1000000007 01 CITYCONNECT  0000015000
1000000008 01 HIGHSPEED    0000002000
1000000009 01 CITYCONNECT  0000980000
1000000010 01 GENUINE      0000004000
1000000011 01 CITYCONNECT  0000000500
1000000012 01 CITYCONNECT  0000000500
1000000013 01 CITYCONNECT  0000000100
1000000014 01 CITYCONNECT  0000000200
1000000015 01 CITYCONNECT  0000000200